224 14 27 3
4 7 1
0 0 0 21 1 0
0 0 0 1 0
5 5 5 5 5 5 5 5 5 5 5 5 5 
5 5 5 5 5 5 5 5 5 5 5 5 5 
5 5 5 5 5 5 5 5 5 5 5 5 5 
5 5 5 5 5 5 5 5 5 5 5 5 5 
5 5 5 5 5 5 5 2 2 2 5 5 5 
2 2 2 2 2 2 2 2 0 2 2 2 2 
3 0 0 0 0 0 0 0 0 0 0 0 0 
2 2 2 2 2 2 2 2 0 2 2 2 2 
5 5 5 5 5 5 5 2 2 2 5 5 5 
5 5 5 5 5 5 5 5 5 5 5 5 5 
5 5 5 5 5 5 5 5 5 5 5 5 5 
5 5 5 5 5 5 5 5 5 5 5 5 5 
5 5 5 5 5 5 5 5 5 5 5 5 5 

2 2 2 2 2 2 2 2 2 2 2 2 2 
2 2 2 2 2 2 0 0 0 2 2 2 2 
2 2 2 2 2 2 0 0 0 2 2 2 2 
2 2 2 2 2 2 0 0 0 2 2 2 2 
2 2 2 2 2 2 2 0 2 2 2 2 2 
0 0 2 0 0 2 0 0 0 2 0 0 2 
4 0 0 0 0 0 0 0 0 0 0 0 3 
0 0 2 0 0 2 0 0 0 2 0 0 2 
2 2 2 2 2 2 2 0 2 2 2 2 2 
2 2 2 2 2 2 0 0 0 2 2 2 2 
2 2 2 2 2 2 0 0 0 2 2 2 2 
2 2 2 2 2 2 0 0 0 2 2 2 2 
2 2 2 2 2 2 2 2 2 2 2 2 2 

2 2 2 2 2 2 2 2 2 2 2 2 2 
2 2 2 2 2 2 2 2 2 2 2 2 2 
2 2 2 2 2 2 2 2 2 2 2 2 2 
2 2 2 2 2 2 2 2 2 2 2 2 2 
2 2 2 2 6 6 6 6 6 2 2 2 2 
2 2 2 2 6 0 0 0 6 2 2 0 2 
2 2 2 0 0 0 0 0 0 0 0 0 4 
2 2 2 0 6 0 0 0 6 2 2 0 2 
2 2 2 0 6 6 6 6 6 2 2 0 2 
2 2 2 0 2 2 2 2 2 2 2 2 2 
2 2 2 0 2 2 2 2 2 2 2 2 2 
2 2 2 0 2 2 2 2 2 2 2 2 2 
2 2 2 3 2 2 2 2 2 2 2 2 2 

6 6 6 2 2 2 2 2 2 2 2 2 2 
0 0 6 0 2 2 0 2 2 2 2 2 2 
0 0 6 0 2 2 0 2 2 2 2 2 2 
0 0 6 0 2 2 0 2 2 2 2 2 2 
6 6 6 0 2 2 0 2 2 2 2 2 2 
6 6 6 0 2 2 0 2 2 2 2 2 2 
6 6 6 0 0 0 0 0 54 0 0 0 3 
6 6 6 0 2 2 0 2 2 2 2 2 2 
6 6 6 0 2 2 0 2 2 2 2 2 2 
0 0 6 0 2 2 0 2 2 2 2 2 2 
0 0 0 0 2 2 0 2 2 2 2 2 2 
0 0 6 0 2 2 0 2 2 2 2 2 2 
6 6 6 4 2 2 2 2 2 2 2 2 2 

0 0 0 0 2 0 0 0 2 0 2 2 2 
0 2 2 2 2 0 0 0 0 0 2 15 17 
0 0 0 0 2 0 0 0 2 0 2 0 0 
2 2 2 0 2 2 2 2 2 0 55 0 0 
0 0 0 0 2 0 0 0 2 0 2 31 32 
2 2 2 0 10 53 0 0 0 0 2 2 2 
0 0 2 0 2 0 0 0 2 0 2 0 4 
3 0 0 0 2 2 11 2 2 0 0 0 0 
0 0 2 0 0 0 0 0 0 0 2 2 2 
2 2 2 0 2 2 0 2 2 0 2 0 0 
43 0 2 0 2 0 0 0 2 0 0 0 0 
42 0 0 0 10 53 0 0 2 0 2 2 0 
44 0 2 0 2 0 0 0 2 0 2 0 0 

0 0 0 0 0 0 0 0 0 0 0 0 0 
0 0 0 0 0 0 0 0 0 0 0 0 0 
0 0 0 0 0 0 0 0 0 0 0 0 0 
0 0 0 0 0 0 0 0 0 0 0 0 0 
0 0 0 0 0 0 0 0 0 0 0 0 0 
0 0 0 0 0 0 0 0 0 0 0 0 0 
0 0 0 0 0 0 0 0 0 0 0 0 0 
0 0 0 0 0 0 0 0 0 0 0 0 0 
0 0 0 0 0 0 0 0 0 0 0 0 0 
0 0 0 0 0 0 0 0 0 0 0 0 0 
0 0 0 0 0 0 0 0 0 0 0 0 0 
0 0 0 0 0 0 0 0 0 0 0 0 0 
0 0 0 0 0 0 0 0 0 0 0 0 0 

